20
23
24
38
40
56
57
60
63
6
70
80
9


9784
2995
9426
4598
3512
3371
1315
4536
3210
3964
386
6749
3932
7893
5960
4053
6918
1066
1246
8534
4037
4944
9394
525
6528
9250
6181
7057
9912
9647
2224
1886
157
121
2092
4854
9606
5875
3336
7734
3577
3527
2138
6191
9513
6657
6011
7806
4667
4676
3785
4582
2206
5677
3748
3139
5843
9657
7627
4102
385
9743
6795
6943
6089
4335
4042
5539
952
384
4156
9983
2573
8890
6465
9928
2943
5605
2034
9328
5997
7065
8954
2829
8041
9051
4451
331
1910
3131
7592
7771
1705
3498
7076
1104
4325
836
8108
937
2383
5735
6322
163
7585
9595
9146
7989
5024
2816
5227
5880
3094
1762
1974
6429
453
6057
1735
1541
9251
1768
6949
6597
2641
8024
3017
3868
7214
4048
7432
8012
1418
1610
6570
5958
9714
4697
4940
9398
2613