0


86061
61425
34354
52052
79560
29059
39385
32262
30294
31617
95841
86263
68520
97820
69904
46333
95283
14073
21808
62467
87634
60318
46251
99599
49417
26073
89079
26768
52829
85984
29402
19788
11082
66785
16729
65780
64109
71573
58029
61948
19158
16780
85975
77312
74447
20447
50002
14776
96162
98027
19161
90787
10456
46551
64942
23232
28299
87482
96181
11224
70227
63728
91638
60857
69333
73173
59600
12980
65681
25625
35390
48787
56659
68908
32958
16570
87484
25754
78456
97002
90166
64241
36676
49611
80178
52690
26324
83717
19469
22406
34923
47798
14907
41725
52376
34761
78874
43887
14320
43767
41063
47454
80556
20979
95956
72291
41705
75861
88353
76848
15012
70951
75623
85842
18850
85459
53235
61097
88652
24265
17553
15910
54115
61342
83641
21525
63487
62074
59159
77906
16162
43766
68466
29689
21094
42561
25723
92940
61894
60840
72977
64051
10739
16779
46679
28264
16042
63586
15586
91507
33858
71440
98089
55745
57001
53290
18006
49844
78036
77043
12035
55940
50862
56370
65489
16520
11755
87741
51496
35991
29213
14714
65169
65400
65215
97192
66348
50124
59360
56341
77034
26850
41016
29841
27750
35674
11904
26788
43808
55913
34841
15640
86381
16147
98714
36435
41794
44005
69565
25338
48490
44940
58837
21267
99230
45269
34877
91435
51202
70173
46177
67336
68252
10801
28885
25930
79706
50870
12862
26609
75325
71119
97870
68467
69606
31187
39788
74472
93733
81712
62419
79930
51268
21416
69679
67127
11896
80381
60540
86012
18878
23595
76953
27263
78752
13469
82265
64228
12025
85958
14969
74186
64992
84142
11875
57211
20200
37351
50919
59951
93459
34746
11133
76187
63155
84544
73502
49755
56777
91998
73432
63722
68024
58907
25326
28978
14578
30327
32702
72617
83069
96781
78983
10783
26613
41152
96275
17919
17819
59540
37480
16165
92215
22667
16934
95193
97302
45341
17492
11984
48895
29317
78112
49680
94166
64102
55833
49409
87388
19902
19124
39346
43557
16652
66054
92353
20007
44284
55690
30429
20516
82223
32899
30060
25947
38530
30988
90266
92424
98877
67502
16600
38781
92584
77521
83367
51610
24399
93201
37895
62290
69307
18150
77686
32989
76108
97703
46099
42503
39780
71566
95295
67639
74891
77280
47376
26094
64504
75678
97017
84734
21971
41697
49301
73746
27606
65264
49935
80507
78904
69193
12003
33060
77705
87050
92313
35062
92441
69008
62244
28054
55309
14090
82438
97797
73739